tot_loss, c_loss, reg_loss

0.503701848723 0.140475892449 0.00684836170403
acc = 0.930988888889
0.255522629858 0.140359429618 0.00741671859209
0.199229029017 0.140269662837 0.00781895535222
0.165515244848 0.140200419078 0.00816842568883
0.143428008379 0.140146796977 0.00848026976455
0.127231330357 0.140105458175 0.00876174258689
0.113097089883 0.140073492701 0.00901675947476
0.102558132228 0.140050008098 0.00925608784892
0.0950743276843 0.140032291437 0.00947824451762
0.0870667383579 0.140021615624 0.00968999170233
0.0801056649668 0.140015574147 0.00989702991055
acc = 0.976698989899
0.0738895813508 0.140012193347 0.0100933728212
0.0693949349419 0.140016412685 0.010279315724
0.0664439584975 0.140024220695 0.0104602629847
0.0591613801479 0.140035246213 0.0106383752357
0.0563503810465 0.140047744537 0.010813406324
0.0534343303045 0.140062315191 0.0109793009454
0.0499184235845 0.140082467298 0.011142769549
0.0477364256225 0.140103763069 0.0112937559234
0.0449175975716 0.140124707967 0.0114417171354
0.0427291387494 0.140147099942 0.0115883502721
acc = 0.980898989899
0.0396416834117 0.140172872171 0.0117355162216
0.039040967064 0.140200861692 0.0118734731727
0.037240764897 0.140226953924 0.0120081813292
0.0347004334679 0.140254566967 0.0121418683759
0.0319821470695 0.140284966057 0.0122771887823
0.0313544237784 0.140316840659 0.0124075921423
0.0292572859003 0.140347492124 0.0125363919868
0.029444619647 0.140379292319 0.0126559995782
0.0280081381243 0.140410693338 0.0127727502321
0.0252957934465 0.140443086723 0.0128907843229
acc = 0.982598989899
0.0251013049223 0.140473485688 0.0130096361848
0.0240238414655 0.140503743043 0.0131215255661
0.022092141852 0.140536162183 0.0132363813867
0.0222061484486 0.140567424844 0.0133448523516
0.0217182927383 0.140598752523 0.0134494513242
0.0201630821719 0.140632269209 0.0135548567943
0.0196361574515 0.140665699715 0.0136577662329
0.0190312404131 0.140696145569 0.0137570044771
0.0176903730723 0.140726132716 0.0138516389268
0.0171083019661 0.140758388812 0.0139505883337
acc = 0.983698989899
0.0163363216662 0.140789221351 0.0140469081948
0.0165953663013 0.140818505014 0.0141399282217
0.015564687921 0.140849284579 0.0142323329734
0.0148256584361 0.140879599104 0.0143233559125
0.0129053038979 0.14090813458 0.0144128454011
0.0136614618934 0.140935624391 0.0145001006809
0.0132504296561 0.140963575418 0.0145854433052
0.0129640453035 0.140992898519 0.0146647555381
0.0121069366447 0.141022280281 0.0147439484407
0.0119403527655 0.141051463932 0.014824311058
acc = 0.983298989899
0.0119090920078 0.141078771154 0.0149005299093
0.0112564103139 0.141106314336 0.0149776884727
0.0115862017247 0.141133432463 0.0150534478078
0.0107447865416 0.14115880549 0.0151259252072
0.009952753404 0.141183708037 0.0151975904033
0.0101374457216 0.141207715621 0.0152679061207
0.0100178992166 0.141232834036 0.0153376336396
0.0101435170204 0.141259327531 0.0154036449082
0.00905002516054 0.141284506917 0.0154700223356
0.00937897262712 0.14131238242 0.0155346895553
acc = 0.984298989899
0.00906752561823 0.141336822907 0.0155997222336
0.00952041988836 0.141360950073 0.0156612601969
0.00846033023052 0.141385481233 0.0157223657425
0.00828291641548 0.141408469106 0.0157831182424
0.00823071467038 0.141433007071 0.0158432190803
0.00903395117877 0.141457083027 0.015900734067
0.00763179807851 0.14148235624 0.0159609195031
0.00776759323654 0.141506046628 0.0160194196552
0.00735681827554 0.141528854916 0.0160778419115
0.00730869541308 0.141550988182 0.0161338760983
acc = 0.9847
0.00730132100759 0.141572466368 0.0161891455203
0.00657697477928 0.141592541138 0.01624425351
0.00669192214858 0.141614107887 0.0162993794028
0.00669696809187 0.141633074482 0.0163523078617
0.00676907460758 0.141652900204 0.0164024973133
0.00658479048237 0.141671240504 0.0164510079473
0.00627637889624 0.141692641228 0.0165004370579
0.00629184470876 0.141714901576 0.0165504065187
0.0063767708408 0.141733572284 0.0165985516676
0.00587900693305 0.141751880348 0.0166449750867
acc = 0.984098989899
0.00536946491105 0.141770063539 0.0166920328295
0.0055819196922 0.141786636462 0.0167383212503
0.00551368632385 0.141806215619 0.0167830774716
0.00549582945535 0.141825366666 0.0168279777995
0.00558387614008 0.141842045039 0.0168728200284
0.00529603189555 0.141860166217 0.0169171314966
0.00509931003554 0.141876528735 0.01696151106
0.00535475113959 0.141892564346 0.017005256433
0.00467563177951 0.141910176128 0.0170489637212
0.00481062439652 0.141925878227 0.0170926778857
acc = 0.984798989899
0.0043604572999 0.141941403498 0.017135841862
0.00465430757857 0.14195822455 0.0171763175012
0.00496401865656 0.141974629114 0.0172166207309
0.00449806365577 0.141992542669 0.0172576034938
0.00441525783524 0.142007854159 0.0172971883075
0.00434738164982 0.142024483507 0.0173379484688
0.00505805501818 0.142042141929 0.0173758367915
0.00442602746451 0.142058864087 0.0174128778869
0.00445011695344 0.142075192655 0.017450347372
0.0038056059631 0.142090766827 0.0174892882258
acc = 0.984098989899
0.00380170547057 0.142099000514 0.0175099983501
0.00432807275667 0.142100280051 0.0175134962983
0.00388768265902 0.142101504654 0.0175167103577
0.00387411183257 0.142102762461 0.0175199644237
0.00354882618973 0.142103983288 0.0175232763526
0.00330983088054 0.142105281278 0.0175266447663
0.00342142881503 0.142106515492 0.0175302054826
0.00370256601496 0.142107640952 0.0175335836224
0.00366941981267 0.142108818392 0.0175367952666
0.00387071519249 0.142110023225 0.0175401584059
acc = 0.984498989899
0.00388391629917 0.14211112837 0.0175434565016
0.00373311867467 0.142112353096 0.0175468030261
0.00322277958604 0.142113414084 0.0175503005988
0.00350326958115 0.14211450768 0.0175537060853
0.00343092185535 0.1421156618 0.0175569887863
0.00347097932197 0.142116907984 0.0175603216173
0.00391691553973 0.142118085722 0.0175635834442
0.00359538263965 0.142119441181 0.0175666925125
0.0034805226361 0.142120651777 0.0175701189724
0.00328904872581 0.142121776193 0.0175734267384
acc = 0.984498989899
0.00344521226958 0.142122944593 0.0175767648655
0.00363709372404 0.1421240555 0.0175801172542
0.00329941286308 0.142125257005 0.017583355351
0.00328292153818 0.142126309549 0.0175865541274
0.00327226646141 0.1421272478 0.0175899664437
0.00341927263187 0.142128232444 0.0175931864635
0.00315267062409 0.142129433503 0.0175963166977
0.00354296565735 0.142130577837 0.0175995040623
0.00324110866504 0.142131829932 0.0176026895208
0.00319051633372 0.142132874702 0.0176058887628
acc = 0.984398989899
0.00348572665185 0.142133930773 0.0176090293781
0.00318133693224 0.142135056381 0.0176122216539
0.00356581901688 0.142136111632 0.0176154876873
0.00338662833744 0.142137148778 0.0176186676975
0.00324240988959 0.142138369406 0.0176219289315
0.00328617371102 0.142139656072 0.0176252876595
0.00336503689547 0.142140870144 0.0176285850443
0.00315850210807 0.142142071327 0.0176317118108
0.00290380949832 0.142143188715 0.0176348998925
0.00316511913625 0.14214421769 0.017638050445
acc = 0.985098989899
0.00370799562822 0.142145423169 0.0176412527294
0.00313303364571 0.142146689693 0.0176444058275
0.00326836013948 0.142147910694 0.0176475975197
0.00306052446547 0.142148920919 0.0176508114673
0.00308796038269 0.142149866124 0.0176540121405
0.00314463882913 0.142150889362 0.0176572358049
0.00324895743195 0.142152075594 0.0176603469159
0.00362841526924 0.142153207113 0.0176633949671
0.00312847875466 0.142154268101 0.0176664594002
0.0031360829872 0.14215538159 0.0176696648821
acc = 0.985098989899
0.00314799134473 0.142156607931 0.0176728146958
0.00331254412634 0.142157758946 0.0176757629154
0.00325387654926 0.142158737853 0.017678922036
0.00316965035073 0.142159665351 0.0176820405542
0.00298015709607 0.142160660972 0.0176851676746
0.00312991941835 0.142161513691 0.0176885168906
0.00324470440306 0.142162389631 0.0176916515827
0.00322438498184 0.142163578893 0.0176946813334
0.00329035844373 0.142164710686 0.0176978035426
0.00320561287501 0.142165846055 0.0177009142625
acc = 0.984898989899
0.00336430326148 0.14216696471 0.0177039053633
0.00339846732975 0.142168030789 0.0177068461478
0.00320999474067 0.142169032916 0.017709884597
0.00302776112598 0.142170068324 0.017712994668
0.00319296677794 0.142171268637 0.0177160148105
0.00289456225998 0.142172404031 0.0177191062768
0.00296521250751 0.142173442865 0.0177221879549
0.00287926128046 0.142174472362 0.0177252657525
0.00306747638252 0.142175698628 0.0177283781519
0.00294998108634 0.142176583161 0.0177314733652
acc = 0.984898989899
0.00276737946649 0.142177485302 0.0177345337098
0.00322690459893 0.142178535983 0.0177375735808
0.00315444024175 0.142179662238 0.0177405473993
0.00287306529022 0.142180708547 0.0177435296588
0.00279431334339 0.142181635971 0.0177466103062
0.00288391245224 0.142182409465 0.0177496391473
0.00299768118645 0.142183374688 0.0177526830075
0.00301007175299 0.142184273228 0.0177557486016
0.00322560103412 0.14218546018 0.0177586745316
0.00324554292567 0.142186547418 0.0177616398036
acc = 0.984698989899
0.00288096039923 0.142187743112 0.0177646009158
0.00296666861214 0.142188780631 0.0177676887282
0.0031763491257 0.142189918483 0.0177707422338
0.0027664428309 0.142191126967 0.0177737286252
0.00307536577434 0.142192282478 0.0177767317556
0.00320482938666 0.142193309938 0.0177797066358
0.00306953925568 0.142194374502 0.0177827348715
0.00277642376953 0.142195167144 0.0177856722785
0.00309042360759 0.142196175009 0.0177887833305
0.00320156060162 0.142197326 0.0177917347879
acc = 0.984698989899
0.00289916878258 0.142198302199 0.0177946965117
0.0027705072789 0.142199209407 0.0177977039106
0.00304252033457 0.142200231751 0.0178007084535
0.00314687671601 0.142201220617 0.0178036687089
0.00297716230546 0.142202294444 0.0178065602326
0.00294026762269 0.142203294287 0.017809517514
0.00315881438994 0.142204469418 0.0178124784057
0.00304999779074 0.142205679889 0.017815433157
0.00301264723327 0.142206638753 0.0178184637334
